A=[   -0.5429   -0.5335   -0.5258   -0.5178   -0.5038   -0.4995   -0.4843   -0.4841   -0.4840   -0.4837
   -0.0019   -0.0023   -0.0022   -0.0024   -0.0022   -0.0021   -0.0037   -0.0039   -0.0038   -0.0036
   -0.4835   -0.4832   -0.4832   -0.4830   -0.4829   -0.4827   -0.4824   -0.4824   -0.4823   -0.4823
   -0.0038   -0.0034   -0.0038   -0.0037   -0.0038   -0.0037   -0.0029   -0.0037   -0.0035   -0.0035
   -0.4821   -0.4820   -0.4818   -0.4818   -0.4817   -0.4817   -0.4816   -0.4812   -0.4811   -0.4810
   -0.0035   -0.0039   -0.0033   -0.0034   -0.0035   -0.0035   -0.0037   -0.0034   -0.0034   -0.0033
   -0.4809   -0.4805   -0.4799   -0.4793   -0.4779   -0.4778   -0.4776   -0.4774   -0.4773   -0.4770
   -0.0035   -0.0039   -0.0027   -0.0036   -0.0035   -0.0038   -0.0039   -0.0031   -0.0034   -0.0034
   -0.4767   -0.4765   -0.4761   -0.4759   -0.4754   -0.4754   -0.4751   -0.4750   -0.4744   -0.4744
   -0.0030   -0.0031   -0.0034   -0.0040   -0.0033   -0.0031   -0.0032   -0.0031   -0.0031   -0.0035
   -0.4742   -0.4741   -0.4741   -0.4734   -0.4733   -0.4730   -0.4729   -0.4728   -0.4728   -0.4727
   -0.0039   -0.0033   -0.0038   -0.0032   -0.0035   -0.0032   -0.0039   -0.0039   -0.0028   -0.0028
   -0.4726   -0.4726   -0.4726   -0.4724   -0.4721   -0.4721   -0.4719   -0.4719   -0.4716   -0.4716
   -0.0033   -0.0039   -0.0032   -0.0034   -0.0040   -0.0030   -0.0036   -0.0030   -0.0040   -0.0035
   -0.4715   -0.4699   -0.4698   -0.4695   -0.4695   -0.4695   -0.4695   -0.4693   -0.4691   -0.4689
   -0.0031   -0.0036   -0.0038   -0.0034   -0.0029   -0.0034   -0.0033   -0.0039   -0.0034   -0.0040
   -0.4685   -0.4684   -0.4684   -0.4680   -0.4679   -0.4679   -0.4676   -0.4676   -0.4676   -0.4673
   -0.0028   -0.0035   -0.0035   -0.0037   -0.0039   -0.0035   -0.0035   -0.0044   -0.0048   -0.0043
   -0.4672   -0.4669   -0.4668   -0.4668   -0.4668   -0.4665   -0.4665   -0.4662   -0.4662   -0.4662
   -0.0040   -0.0038   -0.0045   -0.0037   -0.0034   -0.0039   -0.0048   -0.0046   -0.0053   -0.0050
   -0.4661   -0.4660   -0.4659   -0.4658   -0.4657   -0.4655   -0.4654   -0.4650   -0.4649   -0.4649
   -0.0038   -0.0040   -0.0043   -0.0031   -0.0044   -0.0033   -0.0030   -0.0029   -0.0045   -0.0033
   -0.4649   -0.4646   -0.4645   -0.4644   -0.4643   -0.4642   -0.4642   -0.4642   -0.4641   -0.4640
   -0.0026   -0.0031   -0.0032   -0.0047   -0.0049   -0.0050   -0.0042   -0.0039   -0.0043   -0.0039
   -0.4639   -0.4638   -0.4636   -0.4635   -0.4635   -0.4635   -0.4628   -0.4626   -0.4622   -0.4622
   -0.0029   -0.0048   -0.0044   -0.0046   -0.0042   -0.0034   -0.0040   -0.0035   -0.0024   -0.0033
   -0.4621   -0.4618   -0.4618   -0.4617   -0.4616   -0.4616   -0.4613   -0.4613   -0.4613   -0.4612
   -0.0042   -0.0039   -0.0034   -0.0029   -0.0038   -0.0044   -0.0044   -0.0046   -0.0032   -0.0032
   -0.4612   -0.4611   -0.4610   -0.4610   -0.4604   -0.4604   -0.4604   -0.4602   -0.4601   -0.4601
   -0.0045   -0.0039   -0.0032   -0.0037   -0.0033   -0.0040   -0.0042   -0.0037   -0.0053   -0.0053
   -0.4601   -0.4600   -0.4599   -0.4598   -0.4598   -0.4592   -0.4591   -0.4590   -0.4590   -0.4590
   -0.0042   -0.0035   -0.0043   -0.0034   -0.0040   -0.0050   -0.0034   -0.0045   -0.0038   -0.0030
   -0.4588   -0.4588   -0.4588   -0.4585   -0.4584   -0.4584   -0.4580   -0.4580   -0.4579   -0.4578
   -0.0038   -0.0030   -0.0035   -0.0033   -0.0045   -0.0033   -0.0040   -0.0038   -0.0036   -0.0044
   -0.4573   -0.4573   -0.4572   -0.4571   -0.4571   -0.4569   -0.4568   -0.4567   -0.4567   -0.4564
   -0.0045   -0.0032   -0.0036   -0.0045   -0.0044   -0.0043   -0.0040   -0.0037   -0.0036   -0.0029
   -0.4564   -0.4562   -0.4562   -0.4561   -0.4560   -0.4560   -0.4556   -0.4553   -0.4553   -0.4553
   -0.0041   -0.0036   -0.0045   -0.0037   -0.0038   -0.0041   -0.0037   -0.0033   -0.0037   -0.0056
   -0.4552   -0.4552   -0.4551   -0.4550   -0.4550   -0.4550   -0.4550   -0.4550   -0.4549   -0.4548
   -0.0040   -0.0032   -0.0039   -0.0032   -0.0030   -0.0047   -0.0044   -0.0034   -0.0035   -0.0035
  -0.4548   -0.4548   -0.4548   -0.4547   -0.4547   -0.4546   -0.4546   -0.4546   -0.4545   -0.4544
   -0.0039   -0.0045   -0.0033   -0.0035   -0.0033   -0.0046   -0.0046   -0.0036   -0.0053   -0.0033
   -0.4544   -0.4544   -0.4541   -0.4541   -0.4539   -0.4536   -0.4536   -0.4535   -0.4534   -0.4531
   -0.0038   -0.0037   -0.0031   -0.0045   -0.0055   -0.0043   -0.0043   -0.0043   -0.0033   -0.0054
   -0.4531   -0.4529   -0.4529   -0.4528   -0.4526   -0.4524   -0.4524   -0.4524   -0.4521   -0.4521
   -0.0039   -0.0029   -0.0044   -0.0043   -0.0045   -0.0032   -0.0041   -0.0039   -0.0043   -0.0037
   -0.4519   -0.4519   -0.4518   -0.4517   -0.4517   -0.4513   -0.4511   -0.4510   -0.4509   -0.4508
   -0.0030   -0.0042   -0.0045   -0.0037   -0.0051   -0.0045   -0.0052   -0.0045   -0.0040   -0.0045
   -0.4506   -0.4506   -0.4505   -0.4505   -0.4503   -0.4501   -0.4500   -0.4500   -0.4500   -0.4498
   -0.0039   -0.0040   -0.0034   -0.0035   -0.0041   -0.0037   -0.0033   -0.0031   -0.0044   -0.0035
   -0.4497   -0.4496   -0.4495   -0.4493   -0.4492   -0.4489   -0.4488   -0.4487   -0.4487   -0.4487
   -0.0039   -0.0044   -0.0050   -0.0038   -0.0043   -0.0036   -0.0027   -0.0034   -0.0037   -0.0033
   -0.4486   -0.4485   -0.4484   -0.4483   -0.4483   -0.4481   -0.4481   -0.4481   -0.4479   -0.4477
   -0.0043   -0.0041   -0.0031   -0.0036   -0.0043   -0.0042   -0.0042   -0.0049   -0.0044   -0.0053
  -0.4477   -0.4477   -0.4476   -0.4476   -0.4475   -0.4473   -0.4473   -0.4472   -0.4471   -0.4470
   -0.0048   -0.0046   -0.0036   -0.0053   -0.0046   -0.0048   -0.0033   -0.0033   -0.0045   -0.0030
   -0.4469   -0.4468   -0.4467   -0.4467   -0.4466   -0.4465   -0.4465   -0.4461   -0.4459   -0.4458
   -0.0035   -0.0048   -0.0042   -0.0039   -0.0035   -0.0047   -0.0036   -0.0042   -0.0035   -0.0043
   -0.4457   -0.4457   -0.4455   -0.4454   -0.4448   -0.4447   -0.4445   -0.4445   -0.4445   -0.4444
   -0.0041   -0.0042   -0.0045   -0.0036   -0.0045   -0.0036   -0.0035   -0.0033   -0.0032   -0.0044
   -0.4444   -0.4443   -0.4443   -0.4443   -0.4442   -0.4442   -0.4441   -0.4439   -0.4439   -0.4438
   -0.0032   -0.0053   -0.0036   -0.0040   -0.0035   -0.0038   -0.0035   -0.0038   -0.0045   -0.0046
   -0.4438   -0.4438   -0.4438   -0.4438   -0.4437   -0.4436   -0.4436   -0.4436   -0.4435   -0.4434
   -0.0050   -0.0035   -0.0037   -0.0053   -0.0045   -0.0034   -0.0037   -0.0035   -0.0045   -0.0037
   -0.4433   -0.4432   -0.4431   -0.4429   -0.4428   -0.4428   -0.4427   -0.4426   -0.4425   -0.4425
   -0.0032   -0.0040   -0.0037   -0.0040   -0.0048   -0.0049   -0.0034   -0.0036   -0.0046   -0.0038
  -0.4424   -0.4423   -0.4423   -0.4421   -0.4421   -0.4419   -0.4416   -0.4415   -0.4412   -0.4412
   -0.0034   -0.0041   -0.0042   -0.0025   -0.0041   -0.0040   -0.0047   -0.0040   -0.0041   -0.0038
   -0.4412   -0.4411   -0.4410   -0.4410   -0.4410   -0.4409   -0.4409   -0.4409   -0.4408   -0.4408
   -0.0051   -0.0038   -0.0032   -0.0043   -0.0039   -0.0046   -0.0043   -0.0046   -0.0040   -0.0041
   -0.4407   -0.4404   -0.4404   -0.4404   -0.4403   -0.4403   -0.4401   -0.4401   -0.4397   -0.4397
   -0.0043   -0.0031   -0.0046   -0.0041   -0.0026   -0.0050   -0.0030   -0.0039   -0.0033   -0.0046
   -0.4395   -0.4395   -0.4394   -0.4393   -0.4393   -0.4391   -0.4390   -0.4390   -0.4389   -0.4388
   -0.0040   -0.0041   -0.0033   -0.0039   -0.0044   -0.0050   -0.0039   -0.0048   -0.0038   -0.0047
   -0.4388   -0.4386   -0.4386   -0.4385   -0.4384   -0.4383   -0.4382   -0.4381   -0.4381   -0.4381
   -0.0041   -0.0032   -0.0040   -0.0040   -0.0043   -0.0031   -0.0026   -0.0038   -0.0035   -0.0032
   -0.4380   -0.4379   -0.4379   -0.4379   -0.4378   -0.4378   -0.4378   -0.4378   -0.4378   -0.4377
   -0.0041   -0.0033   -0.0045   -0.0045   -0.0033   -0.0032   -0.0033   -0.0038   -0.0037   -0.0045
   -0.4377   -0.4376   -0.4372   -0.4372   -0.4370   -0.4369   -0.4369   -0.4369   -0.4369   -0.4368
